(66,20) 16916, (0, 20) 20, 0 
(244,29) 62493, (1, 29) 285, 0 
(117,246) 30198, (2, 246) 758, 29 
(209,179) 53683, (3, 179) 947, 108 
(156,249) 40185, (4, 249) 1273, 0 
(112,109) 28781, (5, 109) 1389, 0 
(95,142) 24462, (6, 142) 1678, 23 
(189,15) 48399, (7, 15) 1807, 67 
(253,47) 64815, (8, 47) 2095, 75 
(71,119) 18295, (9, 119) 2423, -35 
(47,186) 12218, (10, 186) 2746, 11 
(88,232) 22760, (11, 232) 3048, 0 
(226,126) 57982, (12, 126) 3198, 56 
(109,62) 27966, (13, 62) 3390, 27 
(214,110) 54894, (14, 110) 3694, 53 
(152,17) 38929, (15, 17) 3857, 0 
(128,97) 32865, (16, 97) 4193, 0 
(250,243) 64243, (17, 243) 4595, -68 
(9,11) 2315, (18, 11) 4619, 66 
(251,198) 64454, (19, 198) 5062, 62 
(215,1) 55041, (20, 1) 5121, 0 
(72,201) 18633, (21, 201) 5577, 0 
(56,221) 14557, (22, 221) 5853, 0 
(238,78) 61006, (23, 78) 5966, 59 
(244,151) 62615, (1, 151) 407, 37 
(29,167) 7591, (24, 167) 6311, 105 
(252,235) 64747, (25, 235) 6635, 58 
(26,71) 6727, (26, 71) 6727, -111 
(126,59) 32315, (27, 59) 6971, -114 
(236,229) 60645, (28, 229) 7397, 0 
(24,164) 6308, (29, 164) 7588, 0 
(178,120) 45688, (30, 120) 7800, 0 
(3,201) 969, (31, 201) 8137, 0 
(159,187) 40891, (32, 187) 8379, -18 
(192,142) 49294, (33, 142) 8590, 48 
(160,158) 41118, (34, 158) 8862, 40 
(83,147) 21395, (35, 147) 9107, -28 
(23,203) 6091, (36, 203) 9419, -14 
(127,29) 32541, (37, 29) 9501, 0 
(69,1) 17665, (38, 1) 9729, 0 
(14,200) 3784, (39, 200) 10184, 0 
(112,46) 28718, (5, 46) 1326, 28 
(231,104) 59240, (40, 104) 10344, 0 
(156,242) 40178, (4, 242) 1266, 39 
(234,182) 60086, (41, 182) 10678, 58 
(165,12) 42252, (42, 12) 10764, 0 
(174,226) 44770, (43, 226) 11234, 43 
(87,242) 22514, (44, 242) 11506, 21 
(11,251) 3067, (45, 251) 11771, -2 
(61,141) 15757, (46, 141) 11917, 0 
TLB Hit Rate: 0.00 %
Page Fault Rate: 94.00 %
